O sistema deve permitir ao Usuário chefe anexar uma ou mais certidões a uma solicitação de certidão, além de rejeitar uma certidão.
original 3886
original 3735
3899
4034

3959
3856

3860
3760

4045
4673

teste com restrição de nao adicionar palavras já etiquetadas 1287
teste com restrição de nao adicionar palavras já etiquetadas 1092

teste sem restrição de nao adicionar palavras já etiquetadas 1139
teste sem restrição de nao adicionar palavras já etiquetadas 1103
1217
1014
953
1514
8228
23246
1180
1322
1141
1205
1083
1048
1036
1308
39678
1322
998
1015
967
1030
1123
1123
1076
65611
156780
22150
16120
1046
1180
1299
1005
1425
1389
1345
1498
1682
1050
1155
986
932
967
944
897
952
935
923
915
953
917
898
909
901
905
929
913
918
1141
1215
1318
1207
1100
1032
998
983
916
1157
196581
1212
1106
302335
1035
1111
1116
1295
1291
1265
1304
1275
1441
1074
982
954
10059
1139
1122
1122
1011
1180
1049
1213
1453
1244
1165
1164
40334
1091
1052
1452
1282
1178
1116
1074
1038
972
954
72906
1120
1011
1173
984
1137
1001
1059
1239
16686
1115
1156
1115
1078
907
952
890
1080
910
1104
1358
1466
1141
1116
1025
971
1016
965
35197
147064
196972
3914
1272
1011
1138
1071
1081
1001
1030
946
986
978
965
1089
1023
995
1042
1013
972
984
927
32420
6805
12845
1104
998
1051
1216
1014
1155
40297
55304
2232317
22494
12326
1185
1248
1263
1045
1077
57196
7100
1170
1092
1014
968
983
998
936
904
952
936
889
905
936
889
904
921
1108
27082
39858
8580
22901
983
13369
952
905
1109
1007
1187
1009
1086
1091
1134
1048
1134
1096
1085
1036
1064
1016
1170
960
1123
1050
183349
13540
1046
1045
1162
1149
1460
1210
1058
4087
4302
3972
3472
4101
4240
3813
4284
3357
4222
1338
1176
1272
1346
1313
1301
1561
1481
1561
1767
1217
1224
1521
1271
1252
1163
1305
1184
1137
1213
1570
1263
1142
1184
1177
